862
8844
15602
31357
11862
949
11860
45325
9091
710
9087
12110
21032
10858
1408
524
4584
5
9273
11517
8012
1710
9691
12665
451
16420
9263
17015
902
37557
9909
63
9598
687
33689
9603
34615
31174
11443
35196
9312
577
11861
807
10530
8391
629
11448
49133
26441
97406
9089
11010
11359
17182
2054
10607
19760
9536
11525
4482
10634
755
11859
28387
48750
20927
36929
9102
124626
27526
9623
46785
400
880
146599
8447
10534
17414
13997
2086
9095
12158
9283
9208
40154
406
63076
11062
13685
47475
2045
9614
688
11907
10874
89333
197
103
33542
43566
51352
16934
10324
78406
32119
11066
11104
2074
27793
290157
110972
11863
9101
5757
9302
11000
16388
9737
30765
10474
22279
30157
568
11780
34996
414
649
1873
5894
1775
8839
20649
10329
8963
26564
8068
8512
1572
13552
6520
9073
10428
17447
9886
9482
19326
9344
9071
8973
15730
47608
2293
9070
48787
34574
1642
11472
36196
11980
58372
32646
10533
10802
10149
18402
9348
281
5967
47939
36834
9090
3512
52856
77350
9560
9804
31611
65796
49805
26258
50797
19155
76
11017
37141
9382
6715
18256
22625
2292
1909
8984
4954
62488
10531
11929
8467
10451
20156
18395
522
397
10525
27985
15789
27303
21183
10954
47867
14275
1024
17207
13701
14819
32631
11777
628
87729
18713
6280
9061
37108
6071
11
9587
19101
49980
18183
4476
11008
32325
43742
28313
11318
3036
40490
24070
8986
10510
17402
38722
8438
11593
1945
39310
109560
56428
131957
241
9058
527
18220
6950
101
63020
2307
680
25296
40156
11450
30304
10452
12106
161495
3586
110
108
109
36357
92769
28033
22586
14334
2636
2164
11395
278
9905
87078
12527
20306
36614
27993
31439
9067
9059
193
25066
46797
12122
11381
32636
36141
95963
1587
9271
2064
19855
60855
236
48287
3049
2759
12635
10497
11382
9331
10731
10464
34152
9495
29973
888
13
712
16295
48992
10879
10660
10714
41647
8587
1689
11596
854
9359
23333
36593
12280
2788
10427
11011
8987
1637
15128
8831
36955
10449
10395
12160
40480
52038
29444
26352
39953
41580
315
22067
11667
8011
171857
2654
18069
19092
2758
10436
13595
46094
9409
11853
16771
46924
11041
306
14522
26203
178
19819
57834
4722
18215
1607
26391
117553
6075
11310
18658
9350
9612
2124
26261
19176
11566
9571
9739
34444
26141
10997
10443
20239
16297
18551
25440
9024
37233
1634
13815
5503
35588
2087
41579
18620
2019
9255
26271
10612
2259
16097
11934
106143
12475
9386
7984
59930
15765
31643
6
329
10909
507
29918
9593
42580
22317
1413
12121
2246
10502
10440
9516
2320
5879
83718
11971
31911
788
21450
11231
10447
31586
9300
9559
9800
713
8291
18133
25557
22588
10872
1245
11858
7007
10467
5550
8005
2088
10412
47889
14534
41878
424
35233
14291
11236
11592
8850
10445
695
43535
12519
23210
858
867
78
13203
10442
11074
9607
17585
9057
20967
10635
9479
10057
11969
319
26408
15139
11446
51980
24405
8223
14587
31504
23637
17600
10897
21352
68806
37345
32562
25403
9066
771
251
812
280
581
268
274
408
10020
10895
114
576
15477
124472
7300
10824
275
25059
11827
8766
23570
47333
51242
10112
4307
46029
32308
28121
12520
1592
19042
38884
47449
36259
41852
40926
9099
2021
61752
10988
12652
10684
954
68445
18989
8840
11107
10539
10543
18414
11902
25087
5801
896
3065
2300
8069
27768
221917
8072
33245
27281
40001
29621
20762
37144
12656
38867
25969
43634
9103
29649
10990
8866
12233
23449
36355
922
11876
11687
9304
503475
73183
9100
20759
46063
32513
36915
9802
21588
664
11867
9323
10280
10535
532
16299
10547
935
40751
85778
11101
9826
9879
22621
7095
26890
77771
41225
627
32872
602
14553
9566
10545
9894
11543
9268
9327
81949
44535
11228
10779
26748
38223
9294
49963
11363
1645
31546
36344
18550
11511
34170
12606
4837
12632
18975
11962
2925
3595
9308
18555
12123
10830
3573
10546
18862
31417
9431
47907
10061
549
10478
238
11134
9303
23945
22479
9054
410921
38955
11015
9306
12559
58770
3587
10723
19004
101230
10987
20318
26933
27854
981
872
2769
13320
164
426
567
3078
13528
28288
213
284
239
4808
289
963
11113
6620
804
26531
909
630
770
31044
599
15
62
705
22490
223
25670
303
4174
8356
381
20758
29376
1859
18299
17281
10907
32093
1939
22292
3598
3080
198
13562
1712
220
3529
3085
2897
1585
3083
900
43795
43905
23114
40206
260
10331
488
22733
261
32574
22649
125587
52855
39940
85328
11076
63945
58985
10861
1770
2033
18203
9333
9400
9401
11306
9625
10680
6346
18660
35115
14821
14136
10869
22660
19186
31102
6878
15944
18444
20723
173
864
24795
11224
81310
15947
9078
8367
433
11360
11114
12335
12092
10948
11229
15121
562
10163
47199
11159
9591
30500
10938
11412
10586
42314
27845
23223
49471
38153
25147
9716
454
10218
819
11238
31530
28120
252
16372
11561
11302
623
583
12614
21711
11575
475
11331
521
88
500
792
8491
402
10537
11386
9504
15764
601
25842
2119
744
221
702
25750
9305
37616
21612
102461
36998
116844
1630
26626
124837
11816
11843
10379
2756
790
1103
11298
4480
4481
10765
762
44497
99479
124829
10548
531
4483
18919
61461
659
30892
86369
38554
36555
10608
11216
7452
892
1600
26561
975
18129
54405
409
38251
10161
1412
41768
10409
14285
2469
10174
31225
510
11455
1891
2493
85
68
679
429
13446
389
947
185
595
28
335
1892
144
1092
769
348
766
175
11645
10835
539
525
240
600
530
10705
279
3109
311
1578
703
9549
1398
387
9277
343
37291
490
11235
218
763
9665
18971
696
379
207
37247
1480
9322
826
422
829
828
3090
9964
3063
13667
694
235
832
765
5925
11778
4485
137
33
982
8428
212
105
1633
11202
1554
149
8009
903
11673
3034
339
10404
914
756
288
910
2640
16633
665
11031
11314
15143
89
10322
783
10644
11257
14370
12104
625
8816
830
2323
983
642
655
10341
639
30180
41801
18762
8077
814
41671
27214
52263
33519
16235
11449
41848
25944
24913
49126
32076
571
8851
37843
32146
30346
6114
229
13549
9529
1598
11349
7340
6217
377
653
28198
794
31640
8744
25189
145
2212
199
7863
12498
9279
17204
21539
12709
20539
11674
1573
152
174
172
154
157
168
364
11967
9086
621
9037
10173
8845
578
579
17692
17795
75
13891
9390
378
10896
2322
41240
26949
9819
31908
3179
1802
4232
9361
2928
10549
58102
18451
27265
49935
8818
36758
36040
9415
55146
12145
42424
34314
2892
9404
85242
9622
8860
14832
9619
40506
31000
4104
26306
14908
784
12489
16448
17894
28059
17949
1968
61563
66
20735
11419
638
25624
9366
21915
19952
9446
28005
9403
27322
10003
9311
884
49806
1624
16052
4477
24662
18423
76996
6499
50512
9405
12723
9360
9434
21626
13982
77223
9611
47694
10357
9977
816
2163
124680
12499
18
1811
105045
11239
2058
9450
330
38523
16375
33660
45671
17770
15170
1701
26422
1639
415
65889
11103
11970
8874
11956
266
754
37567
607
18080
38225
17834
686
65046
4421
9387
10603
2142
8413
10336
20737
9413
14585
49462
8834
9458
8854
38295
37244
4961
9416
26180
17832
9772
6072
1669
468
32519
108401
10806
9433
6623
2118
978
9437
29461
10351
66588
2649
14289
10155
20457
18355
55306
68924
2255
9427
172545
17589
3597
1813
36797
12628
33344
25099
45019
62422
782
29911
9827
1959
8067
125052
45153
10871
14398
10890
1281
9770
14905
14583
11975
4995
9281
45928
563
61337
19931
31535
10215
9823
37165
45609
38904
45565
9407
4824
9444
9414
8078
11831
2895
39177
19601
22797
2639
9574
10371
489
9714
8197
6283
4233
191874
10217
597
714
9922
547
184
9746
9438
115
26941
27103
9410
32302
12538
586
2666
11258
9490
9411
25719
11220
21253
6116
9457
39424
11702
2923
12238
11568
11003
10153
30949
2898
9558
26269
11808
6970
47452
21736
17941
10668
9313
42807
617
36568
37272
5910
9440
32911
32456
17127
17133
19848
17644
1774
30265
2157
8838
29193
795
16980
27472
47881
9469
12488
267
16148
9449
31220
13907
29825
10622
30020
17139
10216
9771
9448
38618
78373
4415
55561
8656
18937
929
9452
1878
9844
14342
9715
26610
40961
1965
312
6068
15037
37636
21334
32284
37410
53765
10674
846
12655
3050
1389
11020
20862
9464
95
944
35680
11551
473
102304
544
10513
65203
143
42861
33680
12311
43277
43278
34106
27367
17661
28580
887
33667
23383
25430
11426
654
15919
1725
5769
874
10633
17917
3116
1051
1366
12102
16619
9443
11050
606
746
380
403
11485
466
13820
15389
13597
2108
10014
10072
10131
10160
11284
4488
9725
9728
9730
9731
10225
10281
10283
948
11281
10676
11357
11361
36599
41769
10585
11186
11187
609
11133
10306
9552
11586
11587
941
942
943
927
928
9340
9342
38509
60033
12101
19
165
196
551
16084
17984
22328
32611
3170
346
859
841
11051
242
1411
9769
9424
9835
857
20173
10957
9570
16249
13962
14612
19378
29228
19379
11164
18887
40866
10122
9994
12129
14140
10439
11158
9354
28736
34774
37969
9631
9820
14013
1779
10849
678
907
5961
47908
42121
2887
11974
20348
26648
11911
793
35144
9325
10340
10144
10414
10437
15300
12230
10693
11335
11135
11319
14822
15969
13155
10249
15943
10882
24808
19762
13850
2619
53565
41841
27332
97
10419
11675
2107
6471
9442
11591
13697
227
87
123
9314
11336
9980
10657
10489
10823
11497
2907
9454
8688
23954
12761
396
14367
11814
16081
18331
15171
11837
11704
11639
4978
10380
11976
15144
11522
11557
13853
11415
37530
8393
11937
21661
9320
33644
14662
125124
10692
805
34584
34636
2182
28070
77469
10278
36647
14557
9417
41469
19381
4011
161795
1580
5854
573
2370
5780
506
22527
574
11219
30159
845
1978
3682
46702
847
117
14577
37498
31667
13321
21734
31997
24197
11462
31995
940
12684
2761
8208
36056
2760
10220
431
22796
37916
21873
21500
12626
37818
3525
2321
2028
16384
10699
11597
47947
48311
44772
14347
41090
18282
18169
11082
5971
11933
20096
30815
881
4478
22318
53113
2109
24746
8195
9877
26618
21132
11855
24016
3486
11071
1091
10403
11337
162
25723
8916
28134
9429
12159
27791
30197
10156
10377
3121
4975
9713
134368
9821
4437
1890
1955
39437
11932
6435
10683
9445
2657
9425
32326
637
8675
20701
9945
73
18603
46889
12888
3033
9882
10663
4518
1808
3600
17037
297
21589
11893
12223
32081
14924
10002
41817
19426
12560
9798
14444
9487
9466
666
2042
10162
309
692
24018
1678
39256
1680
244
10730
31947
8130
11532
9749
14628
9626
13698
10466
707
11954
9336
10157
12118
10587
11825
11895
9447
12257
10029
27104
11252
8545
10223
9745
200
9837
11545
1934
11881
13764
24951
8879
1369
1368
1370
10303
9326
10328
11285
1367
1371
1374
1375
15196
11904
215875
15596
13818
29968
44326
1885
8856
10495
5825
9489
16885
8741
9276
9822
39314
10312
9441
9422
24525
10368
31662
46992
825
15556
28902
14709
9423
10658
6917
24086
11815
9426
10344
15698
2620
30497
16337
16780
12151
33278
192
10945
10013
9671
9396
11038
12278
11873
18588
10015
12715
8388
8129
1618
10722
10314
11167
2112
16172
111794
9524
20595
16306
11622
10207
9849
18892
13466
1542
43978
15256
8224
18417
1847
42113
8913
10906
25748
25749
8769
14742
10671
27932
7227
10670
5919
33518
40160
2362
10803
871
1685
1705
1688
1687
166680
11123
31638
113286
9535
9455
796
100
77936
30943
7341
10350
11772
9540
31503
11773
30202
22345
1567
1641
47288
10212
10354
8583
16520
16508
11374
16379
28029
603
4951
65749
8970
9840
30950
11660
9430
11355
18764
9465
1414
49981
6522
114719
10209
22826
1902
6396
39964
12596
9451
1946
1844
6552
24584
25471
28519
3309
18462
28941
18252
8592
564
13852
25232
10210
53862
17962
9460
1893
31342
44297
8785
15849
18990
15660
1924
8536
9531
11411
138
3035
3076
3079
13666
29794
9077
36685
30168
10785
19483
8974
11549
18158
17918
37305
18784
509
1090
15059
12117
11779
13533
62676
817
14283
37135
2275
24137
10376
104
15800
9032
13821
9421
55955
67067
6488
9473
8487
10279
2105
1073
10239
10208
2667
345
9825
620
2978
10490
11618
332
8914
9824
4806
33430
247
10056
967
802
3175
147
1628
21185
11120
10136
32060
48686
48259
873
48660
26789
3934
108312
198469
11416
10776
24452
9710
31924
30890
24081
20242
66194
3526
16406
10386
745
913
912
12229
67323
19457
11353
17707
9781
18212
13817
12185
28501
25319
24103
10552
9267
10766
10768
813
2665
9406
11418
11153
14170
2280
11077
28597
22611
39780
10396
9944
850
10154
10342
10366
9349
10494
22314
51679
11037
11955
2038
28737
11963
141489
9096
113273
1911
2900
17709
37718
2162
14578
40694
49184
10307
11601
1075
21719
47951
43832
47697
26522
28295
12105
14
24128
11001
10390
9453
704
142132
24153
11797
18086
17887
10669
11527
40867
1049
28032
11326
28377
10975
10974
10398
2290
24071
62994
60994
16112
32305
14429
15198
6415
24066
21430
10381
171982
60285
5622
10349
42518
29787
9638
10576
12662
11712
12618
13824
226
10388
9346
861
14412
9377
11541
11901
4929
11230
8416
11054
851
24453
18254
56235
20123
16642
3086
16305
32255
19997
3767
17352
535
2731
1654
14831
658
657
646
5689
391
8052
772
31650
550
12220
1610
42881
29064
404
42196
36819
42726
9343
16858
42006
11562
10496
16162
8649
31306
10563
14484
32043
15247
29251
5548
5549
856
38772
699
709
253
13511
660
11377
26149
492
128
8672
8056
2020
9481
9008
14242
16129
11489
28145
18111
31361
11223
16281
16288
1694
476
37094
13555
961
24831
25560
21610
11878
11510
11234
957
11886
37853
62204
11040
21849
1621
14035
40771
40772
40773
11498
11790
29371
47941
21349
1832
10047
10228
47692
18561
144953
11663
13485
9289
9264
18222
11165
4203
24226
11379
29154
2039
77915
11943
11481
2690
20565
27141
10399
2668
36643
99
25898
9647
11787
5156
24276
11953
29005
26371
596
52470
20334
11393
31121
293
10998
12235
36094
9013
11005
59820
2924
177
38557
13681
34760
9946
863
31582
22267
10411
20024
13787
9684
9586
70801
777
21887
32331
32669
18161
31681
32274
10402
497
1715
42739
25188
15515
1439
2277
10137
10387
49948
334
30237
50116
46435
22213
36492
624
26578
43103
9563
1850
926
1213
10471
10400
10397
12524
28216
36773
10219
3558
17908
10384
48233
10236
632
11851
5924
14886
26617
10493
16241
22160
9644
13342
35119
14919
14040
22692
2990
10831
33078
16672
10472
21489
13005
18681
20468
14521
10406
14741
1883
2005
6279
11087
7305
24735
9475
8872
8873
11287
9869
619
9374
11259
8293
11068
1923
10158
10206
11782
10086
9367
9876
10326
16562
9609
12143
4234
9605
8374
29076
28156
113096
24349
27841
1907
15489
15655
36210
30062
62463
25934
14181
10385
2787
2069
61416
79515
28978
901
25010
10098
33374
127602
2155
11004
20682
25166
1831
10416
14271
4816
19958
28569
2193
11016
20423
24481
11296
28172
57855
14280
29478
73642
2067
622
28463
12186
20283
5693
287
968
838
16958
3114
12501
31618
15873
68427
48213
35412
8333
19259
820
11718
8989
32031
58048
26827
11157
28370
918
61178
11176
14900
11899
18890
19736
123047
24575
16535
10971
23928
462
9532
117259
2383
53879
1396
11570
1541
17443
8469
27995
36739
925
41823
1713
30547
54825
13939
14373
24873
26263
34746
996
9079
1498
1497
1499
1880
33762
11690
29143
35292
36652
801
104301
11520
1879
2085
13539
16222
109479
17078
33516
9960
3082
12187
24748
990
1908
9764
840
42237
26689
25673
2291
13531
16620
526
13346
243
10501
11478
879
85689
17529
118098
1793
11327
1700
54087
34322
41659
593
10774
10083
29786
11356
10747
10559
20697
2621
10479
125709
49721
2006
17339
11305
13665
12309
1552
106
10333
11027
123757
10468
1359
4967
31776
10557
27745
13776
26291
10784
10242
16347
4825
11654
10518
11977
18041
14736
3536
1443
10424
28971
9456
889
10564
15723
19600
125537
452
36234
39283
65460
55667
12476
5241
98
47724
11129
1058
42159
16395
38925
13105
22501
5491
10560
19419
23531
10688
17889
39391
31516
5683
113279
12518
10567
10642
9285
10569
21879
24918
955
8584
47295
11332
16093
29372
962
30588
668
23518
691
44018
698
682
28973
28974
22994
9600
38006
2768
24920
21
10911
10102
26912
26953
26954
26956
26957
26958
80287
6003
23939
11072
23069
21299
38802
13368
985
14002
541
21137
36724
938
10648
11368
10875
2075
1551
22500
10246
19698
23919
18835
26554
15239
28165
28169
15762
169
865
9663
26889
10128
9659
8810
9355
1727
635
10068
11495
11428
10117
35936
25562
51763
73079
38921
35463
9679
51333
17771
10264
31657
29204
17814
11879
21128
482
592
31593
12611
14328
9040
25364
43002
5121
195
6978
3133
643
10571
479
7450
31023
25636
7443
2123
2024
17711
2133
29946
28774
11598
9702
9873
16820
14864
15379
12764
27352
8348
24099
17897
16094
16096
12706
4244
4247
20770
1050
1052
20540
23655
1788
32275
36657
44490
47585
36047
2655
12599
93
9278
18118
11940
24167
10276
19380
13783
11624
15867
11686
29263
11830
12107
10401
32640
10641
6282
9383
5551
27723
2360
28043
33468
21866
33408
11589
15158
16139
16146
26515
11856
13567
10860
8420
18391
20850
27452
38548
20438
46991
10391
14195
15665
10393
18168
8843
10643
23618
37136
37137
23283
3110
14698
11694
9651
11398
1588
19150
41282
12211
10480
80713
10685
1619
786
14805
51179
46119
18074
10562
12212
14629
16
13785
34299
22597
19348
10637
9003
9064
11569
10434
39113
469
2160
2161
3073
911
10973
10787
43109
9507
27475
27764
27767
40760
40446
24664
20455
10461
1485
1597
641
10687
63956
6521
10763
16888
21142
78140
2134
28605
42797
13465
27033
20367
71
1636
10647
13762
12207
11531
24100
4327
4958
9678
11978
8870
14295
681
11372
8452
10862
8871
34045
16340
10481
10867
10876
9741
146
11849
11983
11678
2669
2609
12714
708
1857
10673
2604
10132
11064
107
40820
392
8859
11688
12509
3981
711
2046
5001
8358
5994
25520
1493
134
21991
10577
21355
29122
11973
1900
44853
10873
26719
15739
15413
2623
11209
13715
43258
10655
9989
18828
9816
20637
5955
17474
11191
2613
22021
22048
17006
26333
16723
2018
10499
47943
74340
5709
11215
26477
10937
4639
96
90
11028
19324
19933
12919
15785
31701
17159
10110
18935
764
15658
4918
28368
52780
26156
34101
32054
2614
12704
580
24828
13703
36914
1547
42010
2608
32058
10019
11649
13509
51521
34379
24940
37302
10984
843
318
12806
9740
10878
7093
16300
19405
1921
44412
21620
23685
12138
48217
6073
25208
19513
2749
10050
95682
2302
32686
51802
29492
25447
19490
38805
2428
22013
15598
62127
56137
17965
33250
14460
9594
4986
2453
33676
4587
12773
11454
38718
4192
14052
16889
26580
21309
16263
4985
20704
853
10877
5257
77
10833
20309
12658
10054
10646
2575
55
65075
44379
2043
4133
56715
10991
15940
26791
634
10956
19366
9519
13898
9290
13166
32590
52654
70282
111
32488
10477
2144
24113
1734
4973
849
27223
39266
11307
11163
18691
3784
11936
25221
19494
40842
19357
33743
9062
11174
934
9476
37691
14268
5852
808
49453
824
676
26813
29572
50541
26255
1406
13554
17664
41050
1632
966
301
11896
25538
5923
15497
21876
11090
21056
9397
9705
26475
29937
10364
32458
1089
9967
17494
17465
759
10297
10653
9576
10865
1995
10808
9799
644
16161
10691
10615
47596
11826
9301
11444
60670
55551
10992
2140
4248
17612
3134
8217
22478
26483
24382
11286
11950
36245
26573
23439
10728
11697
6106
22477
19200
11300
28650
43316
34689
10238
4789
18030
18988
11536
10339
976
69605
65632
4780
11906
11713
9589
12481
13333
13938
10540
9462
82623
2114
8835
11371
78248
9517
25985
15745
24977
36107
13794
13795
38965
47817
31052
10868
9395
14506
2
26044
14911
15592
15267
12710
30502
19382
9599
17170
18509
110428
7520
10126
9602
23752
3980
27397
9748
40095
10651
10141
27362
26386
25884
26355
10675
10130
2617
21362
20443
49365
11347
12144
13704
12505
41963
13482
34014
12120
47818
3543
9604
10925
13965
24266
18197
11503
11966
2605
8740
41428
8337
28176
9493
12582
10001
11352
12500
17882
1648
4105
22711
19124
10142
3064
10134
21291
30352
15142
14550
2210
21721
11828
10551
20713
27461
1380
11465
17190
9085
17819
14776
29185
32059
505
4486
10345
10222
12774
14621
19118
15138
9494
17362
9942
8216
4296
24739
9686
27418
39002
31606
37146
20006
8867
331
11467
327
1548
13403
869
552
36095
33379
2171
41946
10135
19236
60276
12150
11185
47045
12478
25155
65015
24077
9618
31608
22102
6951
11959
2616
249
183
8494
26535
41784
27431
2148
31941
27813
2057
9880
5175
41951
11385
4484
44258
20391
12584
70042
11542
17169
39176
19267
2770
12610
1933
13496
21055
24936
10972
1722
9896
9683
2779
2294
10016
26602
22230
13966
742
15104
8922
11065
16314
18885
40508
16307
11370
12508
25462
18734
44321
58062
2176
20857
22617
75386
2185
10696
2034
21538
48834
31016
32567
12537
9028
16180
11521
21028
27327
29756
20115
30295
25767
22874
11576
43860
43802
9660
15393
248
1644
12502
66092
10373
13766
16380
12103
11313
9398
45864
10866
34549
9778
58429
16121
40220
166
1623
40932
13550
16769
42158
1716
3172
17708
12780
570
1018
25641
16767
11380
984
14811
55727
9585
14267
45929
768
2100
11091
18192
9081
167
9378
27444
141
10034
11457
10778
67385
11456
585
10796
23949
11088
9889
45964
671
20794
11469
14369
1535
1433
1999
12472
11834
16085
269
16441
11422
31037
10656
32847
39938
14584
58886
72277
5781
23805
11033
3537
8738
3604
6974
10649
42566
17689
10847
33525
27591
299
42160
10650
8007
19076
50562
13503
161
43774
31064
31682
8342
4886
228
23111
194
11397
1903
11889
28171
9523
9428
1649
11938
24264
26978
19209
8386
12589
12312
11232
120
11086
453
11414
10794
5052
37257
8489
855
12660
10269
5279
10950
1365
6440
6037
61418
11857
6312
11595
24166
10170
18317
848
9610
15035
4965
11891
11888
150
112
20678
15050
10423
57976
651
20620
18647
11362
2637
10229
12659
68149
35650
9606
11447
16550
13915
34723
31674
20009
2084
74692
4031
11870
9884
11535
27593
11212
28345
21845
11528
931
17130
10592
8470
16690
39939
9272
14778
19137
32499
33668
993
11698
10052
11979
13791
9991
480
44340
18984
23479
15999
614
2752
10590
22910
42517
13225
7219
18646
13950
2135
965
33135
54287
32030
29343
27458
14807
39543
30924
24549
24825
38147
24032
425
1576
5851
25014
15647
38880
1391
18172
31805
10627
42750
27930
259557
28124
15119
12705
11006
15120
21629
36586
6020
39541
18292
15028
9275
4547
14635
29135
1791
35651
22784
24585
17990
11560
11452
18435
35944
26851
548
11590
1537
12149
11812
35080
441
8346
14168
2565
307
6393
12154
11630
21970
11892
9334
10491
18079
35337
59199
11470
16643
1282
69324
11468
26030
10164
28117
40555
28384
27094
56179
5203
13201
9689
557
55106
39154
24767
33796
12227
10985
2251
2894
14117
38360
28907
245
1894
4012
9026
15417
28577
13963
1957
320
9023
27834
17734
24008
53229
4614
12277
15677
13153
811
3132
9583
18408
13245
2501
9637
12100
16857
52258
10394
27451
15813
18905
14774
17898
27945
30194
10169
13909
41805
35696
11544
180
9555
57022
17710
2022
50035
9719
11982
12251
88818
30114
21972
608
59387
26290
17043
6278
4147
16664
14651
15096
20324
49370
14902
2721
11442
1364
8869
8665
10996
818
29047
39141
33152
6404
19133
24130
23728
3780
10786
8764
13908
2675
12308
9488
9962
9573
7451
2750
43772
20337
34070
10081
11484
11692
9266
3640
30072
9357
12771
9296
15070
26942
97447
11243
19975
10323
9595
46878
24750
9941
39833
10859
9544
31514
26056
13536
20616
16806
15516
9299
10611
12770
4108
55903
9685
16370
18913
14361
18943
32685
12262
33506
29515
41582
34086
11504
19049
5506
32961
32568
19460
575
10550
9034
9093
9039
1958
23550
68569
11013
129
54714
11529
10771
31005
2110
15173
9533
4107
10575
15720
9260
21828
1682
18983
24348
19140
37606
11868
12921
19953
12719
12590
37964
7501
1809
13768
10994
1430
19973
12600
8051
12779
1613
565
14112
15192
21925
30309
20861
12647
12477
11009
10805
17496
5917
31278
44932
30709
19429
11340
11644
6399
25773
26560
31679
12237
15901
12579
85058
25113
28893
11646
24634
21764
37936
21874
31407
16471
39874
25468
19507
31646
14269
1672
9645
9012
13098
13440
12454
1360
13441
12208
11905
1941
31918
19662
8427
9021
9280
65
10712
672
16351
542
30192
11617
81530
34341
11880
1377
