862
8844
15602
31357
11862
949
11860
45325
9091
710
9087
12110
21032
10858
1408
524
4584
5
9273
11517
8012
1710
9691
12665
451
16420
9263
17015
902
37557
9909
63
9598
687
33689
9603
34615
31174
11443
35196
9312
577
11861
807
10530
8391
629
11448
49133
26441
97406
9089
11010
11359
17182
2054
10607
19760
9536
11525
4482
10634
755
11859
28387
48750
20927
36929
9102
124626
27526
9623
46785
400
880
146599
8447
10534
17414
13997
2086
9095
12158
9283
9208
40154
406
63076
11062
13685
47475
2045
9614
688
11907
10874
89333
197
103
33542
43566
51352
16934
10324
78406
32119
11066
11104
2074
27793
290157
110972
11863
9101
5757
9302
11000
16388
9737
30765
10474
22279
30157
568
11780
34996
414
649
1873
5894
1775
8839
20649
10329
8963
26564
8068
8512
1572
13552
6520
9073
10428
17447
9886
9482
19326
9344
9071
8973
15730
47608
2293
9070
48787
34574
1642
11472
36196
11980
58372
32646
10533
10802
10149
18402
9348
281
5967
47939
36834
9090
3512
52856
77350
9560
9804
31611
65796
49805
26258
50797
19155
76
11017
37141
9382
6715
18256
22625
2292
1909
8984
4954
62488
10531
11929
8467
10451
20156
18395
522
397
10525
27985
15789
27303
21183
10954
47867
14275
1024
17207
13701
14819
32631
11777
628
87729
18713
6280
9061
37108
6071
11
9587
19101
49980
18183
4476
11008
32325
43742
28313
11318
3036
40490
24070
8986
10510
17402
38722
8438
11593
1945
39310
109560
56428
131957
241
9058
527
18220
6950
101
63020
2307
680
25296
40156
11450
30304
10452
12106
161495
3586
110
108
109
36357
92769
28033
22586
14334
2636
2164
11395
278
9905
87078
12527
20306
36614
27993
31439
9067
9059
193
25066
46797
12122
11381
32636
36141
95963
1587
9271
2064
19855
60855
236
48287
3049
2759
12635
10497
11382
9331
10731
10464
34152
9495
29973
888
13
712
16295
48992
10879
10660
10714
41647
8587
1689
11596
854
9359
23333
36593
12280
2788
10427
11011
8987
1637
15128
8831
36955
10449
10395
12160
40480
52038
29444
26352
39953
41580
315
22067
11667
8011
171857
2654
18069
19092
2758
10436
13595
46094
9409
11853
16771
46924
11041
306
14522
26203
178
19819
57834
4722
18215
1607
26391
117553
6075
11310
18658
9350
9612
2124
26261
19176
11566
9571
9739
34444
26141
10997
10443
20239
16297
18551
25440
9024
37233
1634
13815
5503
35588
2087
41579
18620
2019
9255
26271
10612
2259
16097
11934
106143
12475
9386
7984
59930
15765
31643
6
329
10909
507
29918
9593
42580
22317
1413
12121
2246
10502
10440
9516
2320
5879
83718
11971
31911
788
21450
11231
10447
31586
9300
9559
9800
713
8291
18133
25557
22588
10872
1245
11858
7007
10467
5550
8005
2088
10412
47889
14534
41878
424
35233
14291
11236
11592
8850
10445
695
43535
12519
23210
858
867
78
13203
10442
11074
9607
17585
9057
20967
10635
9479
10057
11969
319
26408
15139
11446
51980
24405
8223
14587
31504
23637
17600
10897
21352
68806
37345
32562
25403
9066
771
251
812
280
581
268
274
408
10020
10895
114
576
15477
124472
7300
10824
275
25059
11827
8766
23570
47333
51242
10112
4307
46029
32308
28121
12520
1592
19042
38884
47449
36259
41852
40926
9099
2021
61752
10988
12652
10684
954
68445
18989
8840
11107
10539
10543
18414
11902
25087
5801
896
3065
2300
8069
27768
221917
8072
33245
27281
40001
29621
20762
37144
12656
38867
25969
43634
9103
29649
10990
8866
12233
23449
36355
922
11876
11687
9304
503475
73183
9100
20759
46063
32513
36915
9802
21588
664
11867
9323
10280
10535
532
16299
10547
935
40751
85778
11101
9826
9879
22621
7095
26890
77771
41225
627
32872
602
14553
9566
10545
9894
11543
9268
9327
81949
44535
11228
10779
26748
38223
9294
49963
11363
1645
31546
36344
18550
11511
34170
12606
4837
12632
18975
11962
2925
3595
